0 0.53515625 0.5958333333333333 0.5359375 0.6402777777777777 0.54296875 0.6444444444444445 0.546875 0.6375 0.54765625 0.6046291666666667 0.5578125 0.5319444444444444 0.5453125 0.4888888888888889 0.53984375 0.48333333333333334 0.5359375 0.4847222222222222 0.53203125 0.5125 0.52734375 0.5236111111111111 0.52578125 0.5458333333333333 0.53515625 0.5958333333333333
0 0.49375 0.5430555555555555 0.49375 0.5875 0.49765625 0.6 0.4984375 0.6402777777777777 0.50859375 0.6444444444444445 0.51328125 0.6541666666666667 0.5203125 0.5472222222222223 0.5078125 0.5055555555555555 0.49921875 0.5111111111111111 0.5 0.5263888888888889 0.49375 0.5430555555555555
0 0.45546875 0.5555555555555556 0.45625 0.6 0.4625 0.6430555555555556 0.46640625 0.6458333333333334 0.4703125 0.6347222222222222 0.471875 0.5944444444444444 0.47578125 0.5819444444444445 0.48046875 0.5819444444444445 0.48203125 0.5722222222222222 0.47734375 0.5236111111111111 0.4671875 0.49722222222222223 0.46015625 0.4986111111111111 0.45078125 0.5361111111111111 0.45 0.5486111111111112 0.45546875 0.5555555555555556
0 0.31484375 0.5472222222222223 0.315625 0.525 0.31171875 0.5236111111111111 0.31015625 0.5305555555555556 0.31484375 0.5472222222222223
0 0.32421875 0.5513888888888889 0.3265625 0.5458333333333333 0.32421875 0.5263888888888889 0.32109375 0.525 0.32109375 0.55 0.32421875 0.5513888888888889
0 0.32734375 0.49722222222222223 0.32109375 0.4375 0.315625 0.4388888888888889 0.30390625 0.4736111111111111 0.3078125 0.5013888888888889 0.32734375 0.49722222222222223
0 0.33984375 0.47638888888888886 0.3375 0.4708333333333333 0.33828125 0.4930555555555556 0.33984375 0.47638888888888886
0 0.34765625 0.4236111111111111 0.34296875 0.4 0.33828125 0.4027777777777778 0.33828125 0.45555555555555555 0.34765625 0.4236111111111111
0 0.35625 0.49444444444444446 0.359375 0.45 0.34765625 0.44027777777777777 0.3375 0.4527777777777778 0.3390625 0.49166666666666664 0.35625 0.49444444444444446
0 0.35859375 0.4666666666666667 0.36171875 0.49027777777777776 0.365625 0.49166666666666664 0.371875 0.4125 0.36328125 0.39305555555555555 0.35625 0.40694444444444444 0.3546875 0.42083333333333334 0.35859375 0.4666666666666667
0 0.1921875 0.37777777777777777 0.19296875 0.3347222222222222 0.18671875 0.34305555555555556 0.1890625 0.375 0.1921875 0.37777777777777777
0 0.2796875 0.37777777777777777 0.28203125 0.4013888888888889 0.28671875 0.4027777777777778 0.2890625 0.3611111111111111 0.2859375 0.3388888888888889 0.28203125 0.3375 0.2796875 0.3416666666666667 0.2796875 0.37777777777777777
0 0.1921875 0.37777777777777777 0.1984375 0.3333333333333333 0.19609375 0.3236111111111111 0.19140625 0.325 0.18984375 0.33194444444444443 0.1890625 0.36666666666666664 0.1921875 0.37777777777777777
0 0.16796875 0.36666666666666664 0.171875 0.3347222222222222 0.16796875 0.3263888888888889 0.165625 0.32916666666666666 0.1640625 0.3458333333333333 0.16796875 0.36666666666666664